0       0
0.314778        0.388227
0.629791        0.775763
0.94504 1.16261
1.26053 1.54876
1.57625 1.93422
1.89222 2.31899
2.20842 2.70307
2.52486 3.08645
2.84155 3.46914
3.15848 3.85114
3.47565 4.23245
3.79307 4.61306
4.11073 4.99298
4.42863 5.3722
4.74679 5.75073
5.06519 6.12857
5.38384 6.50571
5.70274 6.88216
6.02189 7.25791
6.34129 7.63297
6.66094 8.00734
6.98085 8.38101
7.30101 8.75398
7.62142 9.12626
7.94209 9.49784
8.26302 9.86872
8.58421 10.2389
8.90565 10.6084
9.22735 10.9772
9.54932 11.3453
9.87154 11.7127
10.194  12.0794
10.5168 12.4454
10.8398 12.8107
11.1631 13.1753
11.4866 13.5392
11.8104 13.9024
12.1345 14.265
12.4588 14.6268
12.7835 14.9879
13.1084 15.3483
13.4335 15.708
13.7589 16.067
14.0847 16.4253
14.4106 16.7829
14.7369 17.1398
15.0634 17.4961
15.3902 17.8516
15.7173 18.2064
16.0447 18.5605
16.3723 18.9139
16.7002 19.2666
17.0285 19.6186
17.357  19.9698
17.6857 20.3204
18.0148 20.6703
18.3441 21.0195
18.6738 21.368
19.0037 21.7157
19.3339 22.0628
19.6644 22.4092
19.9952 22.7548
20.3263 23.0997
20.6577 23.444
20.9893 23.7875
21.3213 24.1303
21.6536 24.4725
21.9861 24.8139
22.319  25.1546
22.6521 25.4946
22.9856 25.8338
23.3194 26.1724
23.6534 26.5103
23.9878 26.8474
24.3224 27.1839
24.6574 27.5196
24.9927 27.8546
25.3283 28.1889
25.6642 28.5225
26.0004 28.8554
26.3369 29.1876
26.6737 29.5191
27.0109 29.8498
27.3483 30.1799
27.6861 30.5092
28.0242 30.8378
28.3626 31.1657
28.7013 31.4929
29.0404 31.8193
29.3797 32.1451
29.7194 32.4701
30.0594 32.7944
30.3997 33.118
30.7404 33.4409
31.0814 33.763
31.4227 34.0845
31.7643 34.4052
32.1063 34.7252
32.4486 35.0445
32.7912 35.3631
33.1341 35.6809
33.4774 35.998
33.8211 36.3144
34.165  36.6301
34.5093 36.9451
34.854  37.2593
35.1989 37.5728
35.5443 37.8856
35.8899 38.1977
36.2359 38.509
36.5823 38.8196
36.9289 39.1295
37.276  39.4387
37.6234 39.7471
37.9711 40.0548
38.3192 40.3618
38.6676 40.6681
39.0164 40.9736
39.3655 41.2784
39.715  41.5825
40.0649 41.8858
40.4151 42.1884
40.7657 42.4903
41.1166 42.7914
41.4679 43.0918
41.8195 43.3915
42.1715 43.6905
42.5239 43.9887
42.8767 44.2861
43.2298 44.5829
43.5832 44.8789
43.9371 45.1742
44.2913 45.4687
44.6459 45.7625
45.0008 46.0556
45.3562 46.3479
45.7119 46.6395
46.068  46.9303
46.4244 47.2204
46.7813 47.5098
47.1385 47.7984
47.4961 48.0863
47.8541 48.3734
48.2125 48.6598
48.5712 48.9455
48.9304 49.2304
49.2899 49.5146
49.6499 49.798
50.0102 50.0807
50.3709 50.3626
50.732  50.6438
51.0935 50.9242
51.4554 51.2039
51.8177 51.4828
52.1804 51.761
52.5435 52.0384
52.9069 52.3151
53.2708 52.591
53.6351 52.8662
53.9999 53.1406
54.365  53.4143
54.7305 53.6872
55.0964 53.9594
55.4628 54.2308
55.8295 54.5014
56.1967 54.7713
56.5643 55.0405
56.9323 55.3088
57.3007 55.5764
57.6695 55.8433
58.0388 56.1094
58.4085 56.3747
58.7786 56.6393
59.1491 56.9031
59.5201 57.1661
59.8915 57.4284
60.2633 57.6899
60.6355 57.9506
61.0082 58.2106
61.3813 58.4698
61.7549 58.7282
62.1289 58.9859
62.5033 59.2428
62.8782 59.4989
63.2535 59.7542
63.6292 60.0088
64.0054 60.2626
64.3821 60.5156
64.7592 60.7679
65.1367 61.0193
65.5147 61.27
65.8931 61.5199
66.272  61.7691
66.6514 62.0174
67.0312 62.265
67.4115 62.5118
67.7922 62.7578
68.1734 63.003
68.555  63.2475
68.9371 63.4911
69.3197 63.734
69.7028 63.976
70.0863 64.2173
70.4703 64.4578
70.8547 64.6975
71.2396 64.9365
71.6251 65.1746
72.0109 65.4119
72.3973 65.6484
72.7841 65.8842
73.1715 66.1191
73.5593 66.3532
73.9476 66.5866
74.3364 66.8191
74.7256 67.0509
75.1154 67.2818
75.5056 67.5119
75.8964 67.7413
76.2876 67.9698
76.6794 68.1975
77.0716 68.4244
77.4644 68.6505
77.8576 68.8758
78.2513 69.1003
78.6456 69.324
79.0403 69.5468
79.4356 69.7689
79.8314 69.9901
80.2277 70.2105
80.6245 70.4301
81.0218 70.6488
81.4196 70.8668
81.818  71.0839
82.2169 71.3002
82.6163 71.5157
83.0162 71.7304
83.4167 71.9442
83.8176 72.1572
84.2192 72.3693
84.6212 72.5807
85.0238 72.7912
85.4269 73.0009
85.8305 73.2097
86.2347 73.4177
86.6395 73.6249
87.0447 73.8312
87.4506 74.0367
87.8569 74.2413
88.2638 74.4451
88.6713 74.6481
89.0793 74.8502
89.4879 75.0514
89.897  75.2518
90.3067 75.4514
90.717  75.6501
91.1278 75.848
91.5392 76.045
91.9511 76.2411
92.3636 76.4364
92.7767 76.6309
93.1904 76.8244
93.6046 77.0171
94.0194 77.209
94.4348 77.4
94.8507 77.5901
95.2673 77.7793
95.6844 77.9677
96.1021 78.1552
96.5204 78.3418
96.9393 78.5276
97.3588 78.7125
97.7789 78.8965
98.1995 79.0796
98.6208 79.2618
99.0427 79.4432
99.4652 79.6236
99.8882 79.8032
100.312 79.9819
100.736 80.1597
101.161 80.3366
101.587 80.5126
102.013 80.6878
102.44  80.862
102.867 81.0353
103.295 81.2077
103.724 81.3792
104.153 81.5499
104.583 81.7196
105.013 81.8884
105.444 82.0562
105.876 82.2232
106.308 82.3893
106.742 82.5544
107.175 82.7186
107.61  82.8819
108.045 83.0443
108.48  83.2058
108.916 83.3663
109.353 83.5259
109.791 83.6845
110.229 83.8423
110.668 83.9991
111.108 84.1549
111.548 84.3098
111.989 84.4638
112.43  84.6168
112.873 84.7689
113.316 84.92
113.759 85.0702
114.203 85.2194
114.648 85.3677
115.094 85.515
115.54  85.6614
115.987 85.8068
116.435 85.9512
116.884 86.0946
117.333 86.2371
117.782 86.3786
118.233 86.5192
118.684 86.6587
119.136 86.7973
119.589 86.9349
120.042 87.0715
120.496 87.2071
120.951 87.3418
121.406 87.4754
121.863 87.608
122.319 87.7397
122.777 87.8703
123.235 87.9999
123.695 88.1286
124.154 88.2562
124.615 88.3828
125.076 88.5084
125.538 88.633
126.001 88.7565
126.465 88.879
126.929 89.0005
127.394 89.121
127.86  89.2404
128.327 89.3588
128.794 89.4762
129.262 89.5925
129.731 89.7078
130.201 89.822
130.671 89.9352
131.142 90.0473
131.614 90.1583
132.087 90.2683
132.561 90.3772
133.035 90.4851
133.51  90.5919
133.986 90.6976
134.463 90.8022
134.94  90.9058
135.419 91.0083
135.898 91.1097
136.378 91.2099
136.858 91.3091
137.34  91.4072
137.822 91.5042
138.305 91.6001
138.789 91.6949
139.274 91.7885
139.76  91.8811
140.246 91.9725
140.734 92.0628
141.222 92.152
141.711 92.24
142.201 92.3269
142.692 92.4126
143.183 92.4972
143.676 92.5807
144.169 92.663
144.663 92.7441
145.158 92.8241
145.654 92.9029
146.151 92.9806
146.648 93.0571
147.147 93.1324
147.646 93.2065
148.146 93.2794
148.647 93.3511
149.149 93.4216
149.652 93.491
150.156 93.5591
150.661 93.626
151.167 93.6917
151.673 93.7562
152.18  93.8195
152.689 93.8815
153.198 93.9423
153.708 94.0018
154.219 94.0601
154.731 94.1172
155.244 94.173
155.758 94.2275
156.273 94.2808
156.789 94.3328
157.306 94.3835
157.823 94.4329
158.34  94.4809
158.856 94.5274
159.372 94.5725
159.888 94.6162
160.404 94.6585
160.919 94.6993
161.433 94.7387
161.948 94.7766
162.462 94.8132
162.975 94.8483
163.489 94.882
164.001 94.9143
164.514 94.9451
165.026 94.9746
165.538 95.0026
166.049 95.0292
166.561 95.0543
167.071 95.0781
167.582 95.1004
168.092 95.1213
168.602 95.1409
169.111 95.1589
169.62  95.1756
170.129 95.1909
170.637 95.2047
171.145 95.2171
171.652 95.2282
172.16  95.2378
172.667 95.246
173.173 95.2528
173.679 95.2581
174.185 95.2621
174.691 95.2647
175.196 95.2658
175.701 95.2656
176.205 95.2639
176.709 95.2609
177.213 95.2564
177.717 95.2505
178.22  95.2432
178.723 95.2345
179.225 95.2245
179.727 95.213
180.229 95.2001
180.73  95.1858
181.231 95.1701
181.732 95.153
182.232 95.1345
182.733 95.1146
183.232 95.0933
183.732 95.0706
184.231 95.0465
184.729 95.021
185.228 94.9941
185.726 94.9659
186.223 94.9362
186.721 94.9051
187.218 94.8726
187.714 94.8388
188.211 94.8035
188.707 94.7668
189.202 94.7288
189.698 94.6894
190.193 94.6485
190.687 94.6063
191.182 94.5627
191.676 94.5176
192.17  94.4712
192.663 94.4234
193.156 94.3742
193.649 94.3237
194.141 94.2717
194.633 94.2183
195.125 94.1636
195.616 94.1074
196.107 94.0499
196.598 93.991
197.088 93.9307
197.578 93.869
198.068 93.8059
198.557 93.7414
199.046 93.6755
199.535 93.6083
200.023 93.5396
200.511 93.4696
200.999 93.3982
201.486 93.3254
201.973 93.2512
202.46  93.1756
202.947 93.0987
203.433 93.0203
203.918 92.9406
204.404 92.8595
204.889 92.777
205.374 92.6931
205.858 92.6078
206.342 92.5212
206.826 92.4331
207.31  92.3437
207.793 92.2529
208.275 92.1607
208.758 92.0671
209.24  91.9721
209.722 91.8758
210.203 91.778
210.685 91.6789
211.165 91.5784
211.646 91.4765
212.126 91.3732
212.606 91.2686
213.086 91.1625
213.565 91.0551
214.044 90.9463
214.522 90.8361
215.001 90.7245
215.478 90.6116
215.956 90.4972
216.433 90.3815
216.91  90.2644
217.387 90.1459
217.863 90.026
218.339 89.9047
218.815 89.7821
219.29  89.658
219.765 89.5326
220.24  89.4058
220.714 89.2776
221.188 89.1481
221.662 89.0171
222.135 88.8848
222.608 88.751
223.081 88.6159
223.553 88.4794
224.025 88.3416
224.497 88.2023
224.968 88.0616
225.439 87.9196
225.91  87.7762
226.38  87.6314
226.85  87.4852
227.32  87.3376
227.789 87.1886
228.259 87.0383
228.727 86.8866
229.196 86.7334
229.664 86.5789
230.132 86.423
230.599 86.2657
231.066 86.1071
231.533 85.947
231.999 85.7856
232.465 85.6227
232.931 85.4585
233.397 85.2929
233.862 85.1259
234.327 84.9575
234.791 84.7877
235.255 84.6165
235.719 84.444
236.183 84.27
236.646 84.0947
237.108 83.9179
237.571 83.7398
238.033 83.5603
238.495 83.3794
238.956 83.1971
239.418 83.0134
239.878 82.8283
240.339 82.6418
240.799 82.454
241.259 82.2647
241.718 82.074
242.177 81.882
242.636 81.6885
243.095 81.4937
243.553 81.2974
244.011 81.0998
244.468 80.9008
244.925 80.7003
245.382 80.4985
245.838 80.2953
246.295 80.0907
246.75  79.8846
247.206 79.6772
247.661 79.4684
248.116 79.2582
248.57  79.0465
249.024 78.8335
249.478 78.6191
249.931 78.4033
250.384 78.186
250.837 77.9674
251.289 77.7474
251.741 77.5259
252.193 77.3031
252.644 77.0788
253.095 76.8532
253.546 76.6261
253.996 76.3976
254.446 76.1677
254.896 75.9365
255.345 75.7038
255.794 75.4697
256.243 75.2341
256.691 74.9972
257.139 74.7589
257.586 74.5191
258.034 74.278
258.48  74.0354
258.927 73.7914
259.373 73.546
259.819 73.2992
260.264 73.051
260.709 72.8014
261.154 72.5503
261.598 72.2978
262.042 72.0439
262.486 71.7886
262.929 71.5319
263.372 71.2737
263.815 71.0142
264.257 70.7532
264.699 70.4908
265.141 70.2269
265.582 69.9617
266.023 69.695
266.463 69.4269
266.903 69.1573
267.343 68.8864
267.782 68.614
268.221 68.3402
268.66  68.0649
269.098 67.7882
269.536 67.5101
269.974 67.2306
270.411 66.9496
270.848 66.6672
271.284 66.3834
271.72  66.0981
272.156 65.8114
272.591 65.5233
273.026 65.2337
273.461 64.9427
273.895 64.6502
274.329 64.3563
274.763 64.061
275.196 63.7642
275.628 63.466
276.061 63.1664
276.493 62.8653
276.924 62.5627
277.356 62.2587
277.787 61.9533
278.217 61.6464
278.647 61.3381
279.077 61.0283
279.506 60.717
279.935 60.4044
280.364 60.0902
280.792 59.7746
281.22  59.4576
281.647 59.1391
282.074 58.8191
282.501 58.4977
282.927 58.1748
283.353 57.8505
283.779 57.5247
284.204 57.1974
284.629 56.8687
285.053 56.5385
285.477 56.2069
285.901 55.8738
286.324 55.5392
286.746 55.2032
287.169 54.8657
287.591 54.5267
288.012 54.1862
288.434 53.8443
288.854 53.5009
289.275 53.156
289.695 52.8097
290.114 52.4618
290.534 52.1125
290.952 51.7617
291.371 51.4095
291.789 51.0557
292.206 50.7005
292.623 50.3438
293.04  49.9856
293.457 49.6259
293.872 49.2647
294.288 48.9021
294.703 48.5379
295.118 48.1723
295.532 47.8051
295.946 47.4365
296.359 47.0664
296.772 46.6948
297.185 46.3217
297.597 45.947
298.009 45.5709
298.42  45.1933
298.831 44.8142
299.242 44.4336
299.652 44.0514
300.062 43.6678
300.471 43.2827
300.88  42.896
301.288 42.5079
301.696 42.1182
302.103 41.727
302.511 41.3343
302.917 40.9401
303.323 40.5443
303.729 40.1471
304.135 39.7483
304.539 39.348
304.944 38.9462
305.348 38.5428
305.752 38.138
306.155 37.7316
306.557 37.3236
306.96  36.9142
307.361 36.5032
307.763 36.0907
308.164 35.6766
308.564 35.261
308.964 34.8439
309.364 34.4252
309.763 34.005
310.161 33.5832
310.56  33.1599
310.957 32.735
311.355 32.3086
311.751 31.8807
312.148 31.4512
312.544 31.0201
312.939 30.5875
313.334 30.1534
313.729 29.7177
314.123 29.2804
314.516 28.8415
314.909 28.4011
315.302 27.9592
315.694 27.5156
316.086 27.0705
316.477 26.6239
316.868 26.1756
317.258 25.7258
317.647 25.2744
318.037 24.8215
318.426 24.3669
318.814 23.9108
319.202 23.4531
319.589 22.9938
319.976 22.533
320.362 22.0705
320.748 21.6065
321.133 21.1408
321.518 20.6736
321.903 20.2048
322.286 19.7344
322.67  19.2623
323.053 18.7887
323.435 18.3135
323.817 17.8367
324.198 17.3583
324.579 16.8782
324.959 16.3966
325.339 15.9133
325.719 15.4285
326.097 14.942
326.476 14.4539
326.853 13.9642
327.231 13.4728
327.607 12.9799
327.984 12.4853
328.359 11.9891
328.735 11.4912
329.109 10.9917
329.483 10.4906
329.857 9.98788
330.23  9.48349
330.602 8.97747
330.974 8.46981
331.346 7.9605
331.717 7.44954
332.087 6.93694
332.457 6.42269
332.826 5.90678
333.195 5.38922
333.563 4.87001
333.931 4.34913
334.298 3.8266
334.664 3.30239
335.03  2.77653
335.396 2.24899
335.761 1.71979
336.125 1.18891
336.489 0.656362
336.852 0.122133
